20040005
201d0000
afa40000
8fa80000
20840000
20840000
20840000
20840000
20840000
20840000
20840000
20840000
20840000
20840000
20840000
20840000
20840000
20840000
20840000
20840000
20840000
20840000
20840000
20840000
20840000
20840000
20840000
20840000
20840000
20840000
20840000
20840000
20840000
20840000
20840000
20840000
20840000
20840000
20840000
20840000
20840000
20840000
20840000
20840000
20840000
20840000
20840000
20840000
20840000
20840000
20840000
20840000
20840000
20840000
20840000
20840000
20840000
20840000
20840000
20840000
20840000
20840000
20840000
20840000