20040801
20051000
00850019
00003012
20c6004f
20070002
8cc80000
8cc80000
acc70000
8cc80000
aca80054
20080000
20080000
20080000
20080000
20080000
20080000
20080000
20080000
20080000
20080000
20080000
20080000
20080000
20080000
20080000
20080000
20080000
20080000
20080000
20080000
20080000
20080000
20080000
20080000
20080000
20080000
20080000
20080000
20080000
20080000
20080000
20080000
20080000
20080000
20080000
20080000
20080000
20080000
20080000
20080000
20080000
20080000
20080000
20080000
20080000
20080000
20080000
20080000
20080000
20080000
20080000
20080000
20080000