20040004
0c000c04
00408020
08000c15
23bdfff8
afa40004
afbf0000
20080002
0088402a
11000003
20020001
23bd0008
03e00008
2084ffff
0c000c04
8fbf0000
8fa40004
23bd0008
00820019
00001012
03e00008
20840000
20840000
20840000
20840000
20840000
20840000
20840000
20840000
20840000
20840000
20840000
20840000
20840000
20840000
20840000
20840000
20840000
20840000
20840000
20840000
20840000
20840000
20840000
20840000
20840000
20840000
20840000
20840000
20840000
20840000
20840000
20840000
20840000
20840000
20840000
20840000
20840000
20840000
20840000
20840000
20840000
20840000
20840000